2.370000000000000000e+02
2.250000000000000000e+02
2.420000000000000000e+02
2.220000000000000000e+02
2.390000000000000000e+02
2.400000000000000000e+02
2.370000000000000000e+02
2.330000000000000000e+02
2.340000000000000000e+02
2.300000000000000000e+02
2.150000000000000000e+02
2.480000000000000000e+02
2.220000000000000000e+02
2.300000000000000000e+02
2.320000000000000000e+02
2.340000000000000000e+02
2.410000000000000000e+02
2.490000000000000000e+02
2.340000000000000000e+02
2.310000000000000000e+02
2.470000000000000000e+02
2.290000000000000000e+02
2.370000000000000000e+02
2.340000000000000000e+02
2.120000000000000000e+02
2.280000000000000000e+02
2.350000000000000000e+02
2.270000000000000000e+02
2.130000000000000000e+02
2.210000000000000000e+02
2.490000000000000000e+02
2.380000000000000000e+02
2.110000000000000000e+02
2.360000000000000000e+02
2.270000000000000000e+02
2.320000000000000000e+02
2.180000000000000000e+02
2.050000000000000000e+02
2.350000000000000000e+02
2.210000000000000000e+02
2.310000000000000000e+02
2.420000000000000000e+02
2.270000000000000000e+02
2.060000000000000000e+02
2.520000000000000000e+02
2.360000000000000000e+02
2.180000000000000000e+02
2.200000000000000000e+02
2.370000000000000000e+02
2.180000000000000000e+02
2.130000000000000000e+02
2.130000000000000000e+02
2.440000000000000000e+02
2.290000000000000000e+02
2.500000000000000000e+02
2.390000000000000000e+02
2.430000000000000000e+02
2.230000000000000000e+02
2.300000000000000000e+02
2.450000000000000000e+02
2.250000000000000000e+02
2.220000000000000000e+02
2.270000000000000000e+02
2.270000000000000000e+02
2.240000000000000000e+02
2.130000000000000000e+02
2.360000000000000000e+02
2.510000000000000000e+02
2.390000000000000000e+02
2.400000000000000000e+02
2.330000000000000000e+02
2.370000000000000000e+02
2.260000000000000000e+02
2.350000000000000000e+02
2.470000000000000000e+02
2.370000000000000000e+02
2.320000000000000000e+02
2.400000000000000000e+02
2.330000000000000000e+02
2.270000000000000000e+02
2.330000000000000000e+02
2.110000000000000000e+02
2.420000000000000000e+02
2.560000000000000000e+02
2.240000000000000000e+02
2.210000000000000000e+02
2.260000000000000000e+02
2.160000000000000000e+02
2.250000000000000000e+02
2.100000000000000000e+02
2.420000000000000000e+02
2.260000000000000000e+02
2.400000000000000000e+02
2.400000000000000000e+02
2.190000000000000000e+02
2.420000000000000000e+02
2.240000000000000000e+02
2.480000000000000000e+02
2.440000000000000000e+02
2.330000000000000000e+02
2.230000000000000000e+02
2.370000000000000000e+02
2.430000000000000000e+02
2.560000000000000000e+02
2.270000000000000000e+02
2.320000000000000000e+02
2.360000000000000000e+02
2.210000000000000000e+02
2.270000000000000000e+02
2.330000000000000000e+02
2.340000000000000000e+02
2.440000000000000000e+02
2.330000000000000000e+02
2.460000000000000000e+02
2.500000000000000000e+02
2.480000000000000000e+02
2.420000000000000000e+02
2.310000000000000000e+02
2.280000000000000000e+02
2.210000000000000000e+02
2.220000000000000000e+02
2.230000000000000000e+02
2.150000000000000000e+02
2.060000000000000000e+02
2.130000000000000000e+02
2.150000000000000000e+02
2.230000000000000000e+02
2.300000000000000000e+02
2.520000000000000000e+02
2.250000000000000000e+02
2.150000000000000000e+02
2.360000000000000000e+02
2.260000000000000000e+02
2.210000000000000000e+02
2.300000000000000000e+02
2.320000000000000000e+02
2.360000000000000000e+02
2.280000000000000000e+02
2.350000000000000000e+02
2.340000000000000000e+02
2.340000000000000000e+02
2.400000000000000000e+02
2.330000000000000000e+02
2.410000000000000000e+02
2.390000000000000000e+02
2.330000000000000000e+02
2.170000000000000000e+02
2.450000000000000000e+02
2.450000000000000000e+02
2.500000000000000000e+02
